MutationType	SBS1	SBS5	SBS12	SBS15	SBS16	SBS21	SBS22a	SBS40a	SBS95
A[C>A]A	0.00029037	0.00887598	0.00443911	0.00040016	0.01672653	0.00013690	0.00552156	0.02680425	0.02417608
A[C>A]C	0.00116282	0.01086601	0.00172702	0.00032785	0.00471788	0.00320251	0.00013430	0.01922289	0.01702818
A[C>A]G	0.00015306	0.00361072	0.00139939	0.00005155	0.00281367	0.00067647	0.00190456	0.00728353	0.01388549
A[C>A]T	0.00042534	0.00495731	0.00121486	0.00047708	0.01123572	0.00054906	0.00160155	0.01152574	0.01486685
A[C>G]A	0.00060958	0.00747062	0.00119817	0.00004790	0.00181901	0.00001474	0.00152509	0.00604899	0.00227653
A[C>G]C	0.00062221	0.00656104	0.00098119	0.00017745	0.00326998	0.00097568	0.00027456	0.00644149	0.00274920
A[C>G]G	0.00009945	0.00335700	0.00019459	0.00003433	0.00233645	0.00000000	0.00057510	0.00290916	0.00133214
A[C>G]T	0.00037882	0.00757471	0.00143393	0.00013969	0.01218970	0.00005473	0.00005769	0.00624242	0.00090451
A[C>T]A	0.00819324	0.02411308	0.00541139	0.00214068	0.00183992	0.00189224	0.00161696	0.02109129	0.00801374
A[C>T]C	0.00322326	0.02060397	0.00324008	0.00455829	0.00606817	0.00531942	0.00030977	0.02350847	0.00986717
A[C>T]G	0.31564298	0.01206177	0.00030579	0.08333060	0.00902031	0.01702688	0.00338589	0.02558454	0.00655756
A[C>T]T	0.00318340	0.01649936	0.00236997	0.00076505	0.00635984	0.00003687	0.00057358	0.01680891	0.00293117
A[T>A]A	0.00014491	0.00301708	0.00280635	0.00047795	0.01334728	0.00166758	0.03215308	0.00407372	0.00106140
A[T>A]C	0.00082127	0.00576018	0.00299085	0.00040061	0.00909273	0.00553645	0.00722550	0.00455329	0.00203807
A[T>A]G	0.00038842	0.00701318	0.00318564	0.00023798	0.00957518	0.00022483	0.05737471	0.00713922	0.00406457
A[T>A]T	0.00003814	0.00291611	0.00176110	0.00257150	0.00731234	0.00088718	0.00145433	0.00523704	0.00130112
A[T>C]A	0.00019744	0.01888739	0.03995120	0.00091139	0.13982862	0.00804872	0.01257945	0.00687534	0.00063673
A[T>C]C	0.00111958	0.01113800	0.04447641	0.00093365	0.01515455	0.00979903	0.00092664	0.00258231	0.00282595
A[T>C]G	0.00003612	0.02937540	0.07198328	0.00010577	0.06944997	0.00351749	0.00733752	0.00623687	0.00208868
A[T>C]T	0.00119620	0.01801405	0.03984332	0.00025041	0.09040708	0.01419493	0.00043746	0.00864893	0.00111380
A[T>G]A	0.00003116	0.00157804	0.00109106	0.00010965	0.00647141	0.00018893	0.00117240	0.00219555	0.00011085
A[T>G]C	0.00007623	0.00216110	0.00073281	0.00019769	0.00518074	0.00042822	0.00005244	0.00385147	0.00014646
A[T>G]G	0.00009131	0.00610578	0.00082500	0.00008153	0.00502127	0.00016953	0.00279299	0.00402252	0.00013912
A[T>G]T	0.00002334	0.00227175	0.00079936	0.00097846	0.00529147	0.00003854	0.00002422	0.00543018	0.00019116
C[C>A]A	0.00015518	0.00834062	0.00807851	0.02689128	0.01650038	0.00000000	0.00252298	0.01537533	0.05611526
C[C>A]C	0.00110903	0.00858576	0.00794651	0.00404695	0.01784634	0.00428612	0.00755694	0.01509482	0.04521368
C[C>A]G	0.00012254	0.01026888	0.00461057	0.00011257	0.00729872	0.00692776	0.00050028	0.00478494	0.03759868
C[C>A]T	0.00000000	0.00738380	0.00166169	0.01871297	0.00400392	0.02561824	0.00015371	0.00760241	0.05377461
C[C>G]A	0.00001198	0.00781302	0.00199727	0.00005377	0.00563234	0.00002607	0.00144761	0.00449877	0.00431345
C[C>G]C	0.00004757	0.01268288	0.00165429	0.00001362	0.00897258	0.00045004	0.00133910	0.00607699	0.00490993
C[C>G]G	0.00046288	0.00739003	0.00068174	0.00008537	0.00612422	0.00003534	0.00087917	0.00274804	0.00366201
C[C>G]T	0.00000000	0.01084247	0.00235658	0.00005508	0.01546896	0.00023204	0.00044715	0.00721326	0.00351720
C[C>T]A	0.00099476	0.02177767	0.00982239	0.00694799	0.01137574	0.00178659	0.00166820	0.02772684	0.01465305
C[C>T]C	0.00016728	0.02656832	0.00047159	0.00889527	0.00561280	0.00850630	0.00544168	0.04060696	0.01977813
C[C>T]G	0.25774109	0.05193798	0.00016115	0.04218172	0.00289852	0.02176296	0.00156705	0.01933480	0.01503842
C[C>T]T	0.00009880	0.02628133	0.00510592	0.01017151	0.03103441	0.00043591	0.00223574	0.03273714	0.00852030
C[T>A]A	0.00001060	0.00196898	0.00040323	0.00011093	0.00252345	0.00000406	0.08790791	0.00136154	0.00151047
C[T>A]C	0.00018917	0.00563839	0.00807789	0.00015192	0.00875212	0.00088116	0.07413635	0.00718189	0.00596304
C[T>A]G	0.00017618	0.00614846	0.00229758	0.00005766	0.00178656	0.00018085	0.25458054	0.00700180	0.01180701
C[T>A]T	0.00010026	0.00374244	0.00173341	0.00052372	0.00803250	0.00000000	0.06522528	0.00822752	0.00497315
C[T>C]A	0.00000000	0.00739758	0.03352867	0.00023907	0.00841149	0.00754079	0.00462890	0.00338062	0.00171824
C[T>C]C	0.00120340	0.01129851	0.07169127	0.00133860	0.00486741	0.00361175	0.00180295	0.00533257	0.00772147
C[T>C]G	0.00019575	0.02552654	0.06094279	0.00097762	0.01666874	0.02083395	0.00307618	0.00628424	0.01588717
C[T>C]T	0.00001642	0.01296800	0.05304221	0.00087287	0.01906643	0.02226522	0.00057978	0.00586976	0.00446343
C[T>G]A	0.00000875	0.00144058	0.00065950	0.00006566	0.00311304	0.00000285	0.00337209	0.00084578	0.00017261
C[T>G]C	0.00010205	0.00500828	0.00164443	0.00009775	0.00165830	0.00006968	0.00118403	0.00285713	0.00073494
C[T>G]G	0.00006960	0.00752296	0.00096629	0.00019130	0.00388533	0.00002908	0.01216834	0.00262251	0.00131326
C[T>G]T	0.00006594	0.00635345	0.00039753	0.00124197	0.00312443	0.00018982	0.00128720	0.00373139	0.00090759
G[C>A]A	0.00079209	0.01154085	0.00297457	0.00148490	0.01376866	0.00285451	0.00312205	0.01143211	0.06405701
G[C>A]C	0.00022434	0.01142601	0.00082697	0.00213137	0.00897166	0.01244896	0.00315331	0.01635408	0.05849756
G[C>A]G	0.00074413	0.00669489	0.00169808	0.00066242	0.00549943	0.00570027	0.00183765	0.01007786	0.03838336
G[C>A]T	0.00000000	0.00827496	0.00004430	0.01265547	0.00994627	0.01273069	0.00082307	0.00765396	0.06640282
G[C>G]A	0.00000481	0.00529521	0.00084730	0.00064454	0.00167910	0.00051755	0.00196003	0.00300012	0.00322502
G[C>G]C	0.00010853	0.00758747	0.00057313	0.00052043	0.00652292	0.00250036	0.00169513	0.00458210	0.00209704
G[C>G]G	0.00021043	0.00432021	0.00036236	0.00001656	0.00032885	0.00039464	0.00075290	0.00183704	0.00218094
G[C>G]T	0.00000000	0.00815362	0.00081196	0.00031361	0.00553904	0.00029610	0.00067966	0.00377276	0.00240651
G[C>T]A	0.00222588	0.02195025	0.00673035	0.04778931	0.01039446	0.01243180	0.00333206	0.03357987	0.01585453
G[C>T]C	0.00006140	0.03226167	0.00360933	0.11042017	0.01116708	0.03451197	0.00340849	0.03772876	0.04166291
G[C>T]G	0.27635351	0.03519111	0.00028336	0.45418547	0.00473113	0.00014639	0.00000000	0.02642151	0.01881439
G[C>T]T	0.00002064	0.02256807	0.00430145	0.05368146	0.01152395	0.01151484	0.00262903	0.02799671	0.01023996
G[T>A]A	0.00002612	0.00266483	0.00079635	0.00021264	0.00096468	0.00100154	0.04786689	0.00226643	0.00313361
G[T>A]C	0.00006708	0.00341531	0.00282058	0.00039617	0.00100854	0.00451062	0.01472922	0.00434333	0.00360802
G[T>A]G	0.00011247	0.00424105	0.00343896	0.00011059	0.00809422	0.00090264	0.04800467	0.00463989	0.00491391
G[T>A]T	0.00008174	0.00230240	0.00086870	0.00034422	0.00097623	0.00078985	0.00834789	0.00351929	0.00172474
G[T>C]A	0.00033781	0.01023816	0.06854797	0.00536807	0.00211408	0.19089223	0.00064268	0.00349133	0.00170783
G[T>C]C	0.00098803	0.00931876	0.04737327	0.00780227	0.00197395	0.09173429	0.00179061	0.00340348	0.00497928
G[T>C]G	0.00053493	0.01547827	0.05685930	0.00351863	0.00624203	0.14233039	0.00074375	0.00346265	0.00653087
G[T>C]T	0.00002258	0.00979594	0.04395708	0.00240131	0.00242542	0.11211349	0.00074701	0.00587348	0.00186266
G[T>G]A	0.00000000	0.00182980	0.00039721	0.00008447	0.00092568	0.00024482	0.00141729	0.00076018	0.00016654
G[T>G]C	0.00000000	0.00200694	0.00033192	0.00039011	0.00149456	0.00073747	0.00034079	0.00119946	0.00042153
G[T>G]G	0.00015911	0.00546899	0.00067957	0.00020520	0.00098443	0.00025911	0.00057606	0.00179631	0.00037547
G[T>G]T	0.00000462	0.00168033	0.00015665	0.00056959	0.00241532	0.00218326	0.00001757	0.00139085	0.00026426
T[C>A]A	0.00002421	0.00652715	0.00383710	0.00818569	0.01267581	0.00142934	0.00080874	0.02275594	0.04250539
T[C>A]C	0.00129767	0.01061529	0.00442667	0.00385447	0.00960398	0.00032207	0.00249753	0.03386553	0.04121232
T[C>A]G	0.00000000	0.00513536	0.00149712	0.00009838	0.00470197	0.00017979	0.00000000	0.01208953	0.02251997
T[C>A]T	0.00000216	0.01055087	0.00259224	0.00383271	0.01086118	0.00000000	0.00041042	0.01971287	0.03989222
T[C>G]A	0.00000000	0.00648563	0.00106843	0.00010185	0.00294595	0.00064026	0.00367234	0.00679647	0.00363283
T[C>G]C	0.00010412	0.00879784	0.00238241	0.00004059	0.00855687	0.00086114	0.00218175	0.00909772	0.00356787
T[C>G]G	0.00006864	0.00381803	0.00063442	0.00007471	0.00138535	0.00016505	0.00107304	0.00209198	0.00112708
T[C>G]T	0.00057423	0.01038471	0.00336439	0.00008284	0.03346417	0.00067286	0.00040213	0.01356047	0.00268368
T[C>T]A	0.00040842	0.01685766	0.00608643	0.01261167	0.00746464	0.00352439	0.00164017	0.03492151	0.00666275
T[C>T]C	0.00001913	0.02662504	0.00405778	0.00634229	0.00602090	0.00011014	0.00189468	0.05291806	0.00940379
T[C>T]G	0.10882185	0.03550095	0.00026233	0.02712716	0.00953017	0.00083442	0.00010613	0.01571908	0.00543716
T[C>T]T	0.00000000	0.01744631	0.00675084	0.00082844	0.02594941	0.00007160	0.00000000	0.02778637	0.00285381
T[T>A]A	0.00129052	0.00273491	0.00215808	0.00027075	0.00753477	0.00013132	0.03796156	0.00410599	0.00164468
T[T>A]C	0.00000000	0.00354914	0.00734184	0.00007713	0.00565836	0.00080347	0.02546816	0.00778995	0.00230209
T[T>A]G	0.00000897	0.00346496	0.00266051	0.00006177	0.00529594	0.00008400	0.06590410	0.00405554	0.00249125
T[T>A]T	0.00048697	0.00427416	0.00340506	0.00013297	0.00494319	0.00004400	0.01823252	0.00886543	0.00183473
T[T>C]A	0.00004897	0.00780165	0.04954953	0.00084950	0.00796358	0.04302361	0.00244794	0.00317481	0.00124787
T[T>C]C	0.00128767	0.00832420	0.05270190	0.00290851	0.00444672	0.05538399	0.00000000	0.00261752	0.00370838
T[T>C]G	0.00013333	0.00918683	0.03841885	0.00054722	0.00739182	0.02353704	0.00109840	0.00266822	0.00410468
T[T>C]T	0.00093716	0.00903680	0.03872038	0.00037792	0.00579236	0.02343787	0.00000000	0.00384849	0.00236874
T[T>G]A	0.00000000	0.00226248	0.00093805	0.00005738	0.00599106	0.00023760	0.00267529	0.00240068	0.00000139
T[T>G]C	0.00002093	0.00562376	0.00128624	0.00014444	0.00667614	0.00038304	0.00081153	0.00548187	0.00030742
T[T>G]G	0.00018686	0.00502021	0.00084041	0.00006136	0.00535728	0.00011172	0.00501483	0.00301649	0.00028586
T[T>G]T	0.00000000	0.00659442	0.00143337	0.00167686	0.01090815	0.00000000	0.00036041	0.00726076	0.00011962
